010010010000000000000000000010000000000000000001
000010010000011000100000100010000000000000000001
000011101100000000010000110110000000000000000000
000011000100000000010000110110000000000000000000
011010100000000000000000000010000000000000000000
000010010000011000100000100010100000000000000001
000011001100000000010000110110000010000000000000
000010111100000000010000110110000010000000000000
000111100100000000100000100001100000000000000010
000010010000011000100000100011000000000000000001
000000000000000000000000000010000000000000000000
000000000000000000000000000010000000000000000000
000010010000000100000100110010000000000000000000
000010010000011000001000100010000000000000000001
000010010000010000010000001010000010000000000001
000011100100000000010000000000000000000000000000
001010000000000000000000000010011100000000000001
001010001000000000000000000010011000000000000001
000100001100000110000000000010000000000000000000
000100001100000110000000000010000000000000000000
000010010000010110000101110010000000000000000001
000010010000010110000101001110000010000000000001
000010010000000100000100001010000010000000000001
000010000010000000100000000011100000000000000000
000010001010000000100000000011100000000000000000
001011001010000000000000000010010100000000000000
000000000000000000000000000010000000000000000000
000010010000011001000000000010000100000000000001
001011100010010010000001000010010100000000000000
001011101010000000000000000010010000000000000000
000010010000000101000010000010000100000000000001
000010010000011001000000000010000000000000000001
100000000000100000000000000010000000000000000000
001100001010000000000000000010010100000000000000
000000000000000000000000000000000000000000000000
000100000001000001000000000010000100000000000000
001100100010000000000000000000011100000000000000
001100101010000000000000000000011100000000000000
000110001100010000100001100000000000000011000010
000101100100000000010000000000000000000100000000
000101001000000000100000100001100000100000000010
000101010000010000000001000000000000001000000000
000100100100010000100001100000000000000011000010
000101000010000000000000000000000000000000100100
001101100010000000000000000010010100000000000000
000101000000000000000000000000000000000000000100
000010010000000101000010000000000100000000000000
000101000000000000000000000000000000000000000101
000101100100000000010000000000000000000100000000
000100101010000010000000000000000100000000000000
000101011001000000000000000000000000000000001000
000101011001000000000000000000000000000000001000
000111100000010000100001000000000000000001000010
000111000100010000100001100000000000000001000010
000100100010000000100000000001100100000000000010
000000000000000000000000000000000000000000000000
001111000010000000000000000010010100000000000000
000010010000010000000001000000000000011000000010
000111001000000001000000000000000100000000000100
000000000000000000000000000000000000000000000000
001111100010000000000000000010010100000000000000
001111101000000000000000000010010100000000000000
000110101000000101000010000000000100000000000000
000101011001000100000110000000000000000000011000
